1.851698 -1.075148 1.076148
1.856556 -1.223712 1.048312
1.869713 -1.531611 1.034351
1.889519 -1.967422 1.031622
1.914325 -2.499725 1.037480
1.942483 -3.097095 1.049281
1.972343 -3.728110 1.064380
2.002257 -4.361349 1.080133
2.030575 -4.965388 1.093895
2.055648 -5.508805 1.103022
2.075828 -5.960178 1.104870
2.089465 -6.288085 1.096793
2.094911 -6.461102 1.076148
2.095044 -6.592144 1.043381
2.094025 -6.807076 1.000948
2.092084 -7.089146 0.950774
2.089453 -7.421602 0.894783
2.086363 -7.787693 0.834900
2.083042 -8.170667 0.773050
2.079723 -8.553773 0.711156
2.076636 -8.920259 0.651144
2.074011 -9.253375 0.594937
2.072080 -9.536368 0.544461
2.071072 -9.752488 0.501640
2.071218 -9.884982 0.468398
2.072862 -9.975558 0.441475
2.076119 -10.078289 0.415135
2.080832 -10.190221 0.389143
2.086845 -10.308400 0.363265
2.094000 -10.429874 0.337264
2.102140 -10.551689 0.310907
2.111109 -10.670891 0.283958
2.120750 -10.784527 0.256182
2.130906 -10.889643 0.227345
2.141420 -10.983285 0.197211
2.152136 -11.062501 0.165546
2.162896 -11.124337 0.132114
2.171942 -11.171188 0.105214
2.181071 -11.222793 0.082506
2.190662 -11.278855 0.063199
2.201093 -11.339084 0.046499
2.212743 -11.403183 0.031616
2.225987 -11.470860 0.017755
2.241205 -11.541822 0.004126
2.258775 -11.615774 -0.010065
2.279073 -11.692423 -0.025610
2.302478 -11.771474 -0.043300
2.329368 -11.852634 -0.063930
2.360121 -11.935612 -0.088290
2.400455 -12.009786 -0.110106
2.458442 -12.075751 -0.126591
2.531760 -12.134125 -0.138738
2.618083 -12.185524 -0.147543
2.715089 -12.230566 -0.153998
2.820455 -12.269869 -0.159098
2.931856 -12.304049 -0.163837
3.046971 -12.333725 -0.169210
3.163476 -12.359512 -0.176210
3.279047 -12.382030 -0.185832
3.391360 -12.401894 -0.199069
3.498093 -12.419724 -0.216916
3.618718 -12.435118 -0.233719
3.770036 -12.447418 -0.244039
3.945707 -12.456848 -0.249188
4.139390 -12.463631 -0.250480
4.344745 -12.467989 -0.249228
4.555432 -12.470146 -0.246744
4.765110 -12.470325 -0.244341
4.967440 -12.468751 -0.243332
5.156081 -12.465646 -0.245031
5.324693 -12.461233 -0.250750
5.466936 -12.455736 -0.261801
5.576468 -12.449376 -0.279499
5.669979 -12.443951 -0.290078
5.814388 -12.437366 -0.292267
5.999992 -12.429819 -0.287567
6.217089 -12.421509 -0.277481
6.455975 -12.412633 -0.263512
6.706947 -12.403389 -0.247163
6.960303 -12.393974 -0.229937
7.206339 -12.384587 -0.213335
7.435354 -12.375426 -0.198861
7.637643 -12.366689 -0.188018
7.803504 -12.358572 -0.182307
7.923235 -12.351274 -0.183233
8.078921 -12.341930 -0.185905
8.263930 -12.333936 -0.180796
8.471212 -12.326973 -0.169346
8.693718 -12.320725 -0.152993
8.924397 -12.314875 -0.133175
9.156201 -12.309103 -0.111332
9.382081 -12.303093 -0.088902
9.594986 -12.296526 -0.067324
9.787867 -12.289085 -0.048036
9.953674 -12.280453 -0.032478
10.085359 -12.270311 -0.022088
10.175870 -12.258341 -0.018305
10.234927 -12.250205 -0.018305
10.300438 -12.246354 -0.018305
10.370636 -12.245771 -0.018305
10.443752 -12.247439 -0.018305
10.518020 -12.250341 -0.018305
10.591671 -12.253460 -0.018305
10.662938 -12.255778 -0.018305
10.730053 -12.256280 -0.018305
10.791248 -12.253947 -0.018305
10.844756 -12.247764 -0.018305
10.888809 -12.236712 -0.018305
10.921640 -12.219776 -0.018305
10.959925 -12.189519 -0.018305
11.002719 -12.153230 -0.018305
11.048524 -12.111708 -0.018305
11.095840 -12.065751 -0.018305
11.143166 -12.016160 -0.018305
11.189003 -11.963733 -0.018305
11.231852 -11.909269 -0.018305
11.270211 -11.853568 -0.018305
11.302582 -11.797428 -0.018305
11.327464 -11.741649 -0.018305
11.343358 -11.687030 -0.018305
11.348764 -11.634370 -0.018305
11.347938 -11.526628 -0.017945
11.346261 -11.321568 -0.016949
11.343904 -11.038674 -0.015445
11.341039 -10.697428 -0.013559
11.337833 -10.317313 -0.011420
11.334458 -9.917813 -0.009153
11.331084 -9.518411 -0.006886
11.327881 -9.138590 -0.004746
11.325018 -8.797832 -0.002860
11.322666 -8.515623 -0.001356
11.320995 -8.311443 -0.000360
11.320177 -8.204778 0.000000
11.319065 -8.117270 0.000000
11.316601 -7.968152 0.000000
11.313054 -7.769765 0.000000
11.308697 -7.534450 0.000000
11.303799 -7.274550 0.000000
11.298631 -7.002406 0.000000
11.293463 -6.730359 0.000000
11.288567 -6.470752 0.000000
11.284212 -6.235927 0.000000
11.280670 -6.038224 0.000000
11.278212 -5.889986 0.000000
11.277106 -5.803555 0.000000
11.273752 -5.668248 0.000000
11.265089 -5.386978 0.000000
11.252178 -4.988957 0.000000
11.236081 -4.503398 0.000000
11.217861 -3.959512 0.000000
11.198580 -3.386512 0.000000
11.179299 -2.813610 0.000000
11.161081 -2.270018 0.000000
11.144988 -1.784948 0.000000
11.132081 -1.387612 0.000000
11.123424 -1.107223 0.000000
11.120075 -0.972992 0.000000
11.117751 -0.866522 0.000000
11.111935 -0.664979 0.000000
11.103325 -0.387398 0.000000
11.092620 -0.052811 0.000000
11.080519 0.319746 0.000000
11.067719 0.711240 0.000000
11.054921 1.102636 0.000000
11.042822 1.474900 0.000000
11.032121 1.808997 0.000000
11.023516 2.085895 0.000000
11.017705 2.286557 0.000000
11.015388 2.391951 0.000000
11.014683 2.510779 0.000000
11.013341 2.746491 0.000000
11.011491 3.075689 0.000000
11.009259 3.474978 0.000000
11.006773 3.920962 0.000000
11.004161 4.390244 0.000000
11.001549 4.859428 0.000000
10.999064 5.305119 0.000000
10.996836 5.703918 0.000000
10.994989 6.032432 0.000000
10.993653 6.267263 0.000000
10.992955 6.385016 0.000000
10.991337 6.554897 0.000000
10.987363 6.931598 0.000000
10.981318 7.473474 0.000000
10.973485 8.138881 0.000000
10.964149 8.886171 0.000000
10.953595 9.673701 0.000000
10.942107 10.459825 0.000000
10.929970 11.202896 0.000000
10.917467 11.861271 0.000000
10.904883 12.393303 0.000000
10.892503 12.757346 0.000000
10.880610 12.911757 0.000000
10.864152 12.971348 0.000449
10.847178 13.048112 0.001690
10.829724 13.139140 0.003564
10.811827 13.241525 0.005914
10.793520 13.352357 0.008581
10.774841 13.468730 0.011406
10.755825 13.587734 0.014231
10.736508 13.706463 0.016898
10.716926 13.822007 0.019248
10.697114 13.931459 0.021123
10.677108 14.031911 0.022364
10.656943 14.120453 0.022813
10.628623 14.191578 0.022813
10.581988 14.258200 0.022813
10.519850 14.320786 0.022813
10.445018 14.379802 0.022813
10.360302 14.435715 0.022813
10.268513 14.488992 0.022813
10.172460 14.540100 0.022813
10.074954 14.589506 0.022813
9.978806 14.637677 0.022813
9.886824 14.685080 0.022813
9.801820 14.732180 0.022813
9.726603 14.779444 0.022813
9.638303 14.818331 0.010644
9.500057 14.852653 -0.022997
9.321183 14.882586 -0.073817
9.110998 14.908309 -0.137521
8.878820 14.929997 -0.209815
8.633966 14.947828 -0.286403
8.385755 14.961979 -0.362991
8.143502 14.972626 -0.435284
7.916527 14.979946 -0.498988
7.714147 14.984118 -0.549808
7.545680 14.985316 -0.583450
7.420442 14.983720 -0.595618
7.322462 14.980367 -0.591254
7.179171 14.974824 -0.579188
6.999162 14.967515 -0.560961
6.791032 14.958865 -0.538113
6.563374 14.949298 -0.512185
6.324783 14.939239 -0.484716
6.083855 14.929111 -0.457247
5.849182 14.919338 -0.431319
5.629361 14.910347 -0.408471
5.432986 14.902560 -0.390244
5.268651 14.896402 -0.378179
5.144952 14.892300 -0.373814
5.054641 14.883751 -0.360042
4.932811 14.862235 -0.321691
4.785737 14.827600 -0.263211
4.619692 14.779692 -0.189049
4.440951 14.718360 -0.103656
4.255790 14.643451 -0.011480
4.070482 14.554812 0.083031
3.891303 14.452291 0.175426
3.724526 14.335736 0.261258
3.576427 14.204994 0.336077
3.453281 14.059912 0.395435
3.361361 13.900338 0.434882
3.321910 13.809676 0.443504
3.264203 13.674486 0.447981
3.191850 13.503550 0.449195
3.108464 13.305649 0.448030
3.017658 13.089567 0.445368
2.923045 12.864086 0.442092
2.828237 12.637989 0.439085
2.736846 12.420057 0.437230
2.652485 12.219074 0.437410
2.578766 12.043822 0.440508
2.519303 11.903083 0.447407
2.477706 11.805640 0.458988
2.441502 11.678131 0.462764
2.393515 11.445926 0.449576
2.336301 11.129780 0.422595
2.272415 10.750451 0.384992
2.204414 10.328695 0.339937
2.134852 9.885269 0.290602
2.066286 9.440929 0.240157
2.001271 9.016432 0.191773
1.942363 8.632534 0.148621
1.892117 8.309992 0.113873
1.853089 8.069562 0.090699
1.827836 7.932000 0.082270
1.813436 7.811273 0.080651
1.801432 7.601364 0.076175
1.791661 7.318345 0.069415
1.783962 6.978284 0.060940
1.778172 6.597253 0.051323
1.774129 6.191321 0.041135
1.771672 5.776559 0.030946
1.770639 5.369037 0.021329
1.770866 4.984824 0.012855
1.772194 4.639992 0.006094
1.774458 4.350610 0.001619
1.777498 4.132748 0.000000
1.782568 3.856397 -0.000012
1.787097 3.589541 -0.000045
1.791134 3.333485 -0.000095
1.794731 3.089535 -0.000158
1.797938 2.858997 -0.000230
1.800805 2.643178 -0.000305
1.803383 2.443382 -0.000381
1.805721 2.260917 -0.000452
1.807871 2.097088 -0.000515
1.809883 1.953200 -0.000565
1.811808 1.830561 -0.000599
1.813695 1.730475 -0.000611
1.816169 1.637101 -0.000597
1.819817 1.523529 -0.000565
1.824200 1.394481 -0.000525
1.828882 1.254676 -0.000486
1.833427 1.108834 -0.000460
1.837396 0.961676 -0.000458
1.840354 0.817922 -0.000490
1.841864 0.682291 -0.000566
1.841489 0.559505 -0.000697
1.838792 0.454284 -0.000894
1.833336 0.371346 -0.001168
1.824684 0.315414 -0.001528
1.814149 0.282690 -0.001886
1.800849 0.255265 -0.002253
1.785077 0.232494 -0.002637
1.767126 0.213733 -0.003044
1.747289 0.198338 -0.003481
1.725859 0.185665 -0.003955
1.703129 0.175069 -0.004472
1.679392 0.165905 -0.005040
1.654941 0.157531 -0.005664
1.630070 0.149301 -0.006353
1.605071 0.140571 -0.007112
1.580237 0.130697 -0.007948
1.551744 0.121797 -0.008777
1.509851 0.113250 -0.009756
1.457160 0.105136 -0.010857
1.396271 0.097537 -0.012051
1.329788 0.090533 -0.013310
1.260311 0.084205 -0.014606
1.190441 0.078635 -0.015909
1.122779 0.073903 -0.017192
1.059928 0.070090 -0.018427
1.004488 0.067277 -0.019584
0.959061 0.065545 -0.020635
0.926248 0.064975 -0.021552
