-4.165707 -17.150379 0.903048
-4.048589 -16.932484 0.903048
-3.890827 -16.637932 0.903048
-3.701438 -16.283285 0.903048
-3.489440 -15.885101 0.903048
-3.263850 -15.459945 0.903048
-3.033687 -15.024374 0.903048
-2.807969 -14.594952 0.903048
-2.595713 -14.188237 0.903048
-2.405937 -13.820793 0.903048
-2.247659 -13.509179 0.903048
-2.129898 -13.269957 0.903048
-2.061670 -13.119687 0.903048
-1.982317 -12.938560 0.903081
-1.875953 -12.718637 0.903169
-1.747847 -12.468531 0.903293
-1.603271 -12.196857 0.903435
-1.447496 -11.912234 0.903576
-1.285792 -11.623276 0.903700
-1.123431 -11.338596 0.903788
-0.965684 -11.066814 0.903821
-0.817822 -10.816544 0.903782
-0.685114 -10.596401 0.903652
-0.572834 -10.415002 0.903413
-0.486251 -10.280961 0.903048
-0.390063 -10.144747 0.902416
-0.281427 -10.006642 0.901627
-0.158173 -9.866167 0.900704
-0.018131 -9.722839 0.899669
0.140869 -9.576176 0.898542
0.320999 -9.425695 0.897345
0.524426 -9.270916 0.896101
0.753323 -9.111357 0.894829
1.009859 -8.946534 0.893552
1.296203 -8.775967 0.892292
1.614527 -8.599174 0.891070
1.967000 -8.415672 0.889907
2.295828 -8.297325 0.889165
2.795291 -8.178264 0.888366
3.439739 -8.056428 0.887502
4.203525 -7.929760 0.886571
5.061000 -7.796202 0.885565
5.986516 -7.653695 0.884481
6.954423 -7.500180 0.883314
7.939075 -7.333600 0.882057
8.914824 -7.151896 0.880706
9.856018 -6.953009 0.879255
10.737011 -6.734882 0.877701
11.532158 -6.495455 0.876036
12.232899 -6.253354 0.874099
12.842535 -6.031004 0.871814
13.368998 -5.826720 0.869271
13.820217 -5.638820 0.866558
14.204124 -5.465619 0.863766
14.528650 -5.305433 0.860984
14.801727 -5.156579 0.858301
15.031284 -5.017373 0.855807
15.225252 -4.886130 0.853592
15.391562 -4.761168 0.851744
15.538145 -4.640801 0.850354
15.672937 -4.523349 0.849511
15.841478 -4.357754 0.848314
15.998064 -4.172757 0.846271
16.142620 -3.972156 0.843553
16.275072 -3.759747 0.840331
16.395346 -3.539327 0.836775
16.503366 -3.314692 0.833056
16.599062 -3.089643 0.829346
16.682356 -2.867972 0.825816
16.753174 -2.653480 0.822636
16.811443 -2.449962 0.819977
16.857088 -2.261215 0.818010
16.890034 -2.091037 0.816907
16.908684 -1.786736 0.815697
16.904949 -1.263057 0.813558
16.879686 -0.560897 0.810635
16.833754 0.278849 0.807069
16.768007 1.215282 0.803007
16.683304 2.207508 0.798590
16.580500 3.214628 0.793964
16.460453 4.195747 0.789271
16.324020 5.109970 0.784657
16.172058 5.916399 0.780264
16.005424 6.574139 0.776236
15.824972 7.042294 0.772718
15.697939 7.273478 0.770448
15.567297 7.482759 0.768025
15.429714 7.672575 0.765518
15.281855 7.845360 0.762993
15.120386 8.003550 0.760517
14.941975 8.149580 0.758159
14.743286 8.285887 0.755985
14.520987 8.414904 0.754063
14.271742 8.539066 0.752460
13.992218 8.660810 0.751243
13.679081 8.782572 0.750480
13.328997 8.906790 0.750239
12.635790 9.069872 0.750220
11.286921 9.326466 0.750130
9.416494 9.656149 0.750029
7.158614 10.038500 0.749973
4.647384 10.453096 0.750023
2.016909 10.879517 0.750236
-0.598709 11.297340 0.750670
-3.065364 11.686146 0.751385
-5.248953 12.025511 0.752438
-7.015372 12.295013 0.753888
-8.230518 12.474232 0.755794
-8.760281 12.542740 0.758214
-8.957941 12.541264 0.761810
-9.171763 12.521589 0.765437
-9.397448 12.486040 0.769043
-9.630695 12.436937 0.772578
-9.867207 12.376602 0.775988
-10.102684 12.307356 0.779224
-10.332829 12.231520 0.782233
-10.553341 12.151417 0.784965
-10.759922 12.069366 0.787367
-10.948275 11.987692 0.789388
-11.114099 11.908714 0.790976
-11.253094 11.834753 0.792081
-11.467348 11.673664 0.792799
-11.819105 11.364758 0.793148
-12.280123 10.937159 0.793198
-12.822159 10.419991 0.793023
-13.416969 9.842379 0.792693
-14.036312 9.233448 0.792280
-14.651945 8.622322 0.791856
-15.235624 8.038126 0.791493
-15.759108 7.509985 0.791262
-16.194153 7.067022 0.791236
-16.512518 6.738363 0.791484
-16.685957 6.553133 0.792081
-16.792242 6.431623 0.792821
-16.890671 6.316399 0.793177
-16.981564 6.206209 0.793225
-17.065233 6.099808 0.793038
-17.141996 5.995949 0.792692
-17.212172 5.893383 0.792261
-17.276073 5.790861 0.791820
-17.334019 5.687138 0.791444
-17.386324 5.580963 0.791208
-17.433304 5.471090 0.791185
-17.475275 5.356272 0.791451
-17.512554 5.235254 0.792081
-17.600225 4.845844 0.792850
-17.766691 4.038427 0.793170
-17.995783 2.897009 0.793135
-18.271332 1.505598 0.792837
-18.577166 -0.051800 0.792369
-18.897120 -1.691175 0.791822
-19.215021 -3.328524 0.791290
-19.514702 -4.879835 0.790864
-19.779993 -6.261105 0.790638
-19.994724 -7.388323 0.790704
-20.142727 -8.177485 0.791154
-20.207832 -8.544582 0.792081
-20.215677 -8.664068 0.792883
-20.208551 -8.800632 0.793292
-20.187363 -8.950176 0.793382
-20.153015 -9.108602 0.793227
-20.106415 -9.271811 0.792901
-20.048468 -9.435703 0.792479
-19.980080 -9.596184 0.792035
-19.902157 -9.749153 0.791643
-19.815605 -9.890512 0.791378
-19.721329 -10.016165 0.791312
-19.620235 -10.122011 0.791522
-19.513229 -10.203953 0.792081
-19.270178 -10.338764 0.792871
-18.859852 -10.547557 0.793249
-18.316214 -10.814888 0.793296
-17.673229 -11.125317 0.793090
-16.964859 -11.463400 0.792715
-16.225069 -11.813696 0.792249
-15.487822 -12.160766 0.791774
-14.787081 -12.489164 0.791370
-14.156809 -12.783452 0.791119
-13.630970 -13.028187 0.791099
-13.243528 -13.207927 0.791393
-13.028448 -13.307230 0.792081
-12.809834 -13.414225 0.792871
-12.438583 -13.603076 0.793249
-11.945467 -13.857304 0.793296
-11.361250 -14.160424 0.793090
-10.716703 -14.495956 0.792715
-10.042593 -14.847418 0.792249
-9.369687 -15.198326 0.791774
-8.728755 -15.532200 0.791370
-8.150564 -15.832556 0.791119
-7.665882 -16.082914 0.791099
-7.305477 -16.266790 0.791393
-7.100118 -16.367704 0.792081
-6.961570 -16.436028 0.792896
-6.811563 -16.517414 0.793338
-6.652436 -16.608210 0.793474
-6.486524 -16.704754 0.793373
-6.316164 -16.803391 0.793101
-6.143692 -16.900463 0.792726
-5.971444 -16.992310 0.792315
-5.801757 -17.075277 0.791935
-5.636968 -17.145704 0.791655
-5.479412 -17.199938 0.791541
-5.331427 -17.234316 0.791660
-5.195348 -17.245182 0.792081
